333333333333333333333333333333333333333333333333333333
222222222222222222222222222222222222222222222222222222
111111111111111111111111111111111111111111111111111111
111111111111111111111111111111111111111111111111111111
111111111111111111111111111111111111111111111111111111
111111111111111111111111111111111111111111111111111111
111111111111111111111111111111111111111111111111111111
111111111111111111111111111111111111111111111111111111
111111111111111111111111111111111111111111111111111111
111111111111111111111111111111111111111111111111111111
111111111111111111111111111111111111111111111111111111
111111111111111111111111110001111111111111111111111111
111111111111111111111111110001111111111111111111111111
111111111111111111111111110001111111111111111111111111
111111111111111111111111111111111111111111111111111111
111111111111111111111111111111111111111111111111111111
111111111111111111111111111111111111111111111111111111
111111111111111111111111111111111111111111111111111111
111111111111111111111111111111111111111111111111111111
111111111111111111111111111111111111111111111111111111
111111111111111111111111111111111111111111111111111111
111111111111111111111111111111111111111111111111111111
111111111111111111111111111111111111111111111111111111
111111111111111111111111111111111111111111111111111111
